function [ME] = ElementMass(rho,x,y,z)

a = x/2; 
b = y/2; 
c = z/2;

A = [4 0 0 2 0 0 1 0 0 2 0 0;
     0 4 0 0 2 0 0 1 0 0 2 0;
     0 0 4 0 0 2 0 0 1 0 0 2;
     2 0 0 4 0 0 2 0 0 1 0 0;
     0 2 0 0 4 0 0 2 0 0 1 0;
     0 0 2 0 0 4 0 0 2 0 0 1;
     1 0 0 2 0 0 4 0 0 2 0 0;
     0 1 0 0 2 0 0 4 0 0 2 0;
     0 0 1 0 0 2 0 0 4 0 0 2;
     2 0 0 1 0 0 2 0 0 4 0 0;
     0 2 0 0 1 0 0 2 0 0 4 0;
     0 0 2 0 0 1 0 0 2 0 0 4];
 
m2 = (rho*a*b*c/27)*A;
m1 = 2*m2;

ME = [m1 m2; m2 m1];

end
